ps_n=1; vpd=v1%3B747x424x2.549999952316284; m_page_voice=100016028688180; wd=424x747; fbl_st=101333182%3BT%3A28801398; xs=5%3AJ5iib-tc1GD5bg%3A2%3A1727855471%3A-1%3A15791; m_pixel_ratio=2.549999952316284; locale=en_GB; fr=08sefpIUBnJU4gwXR.AWW75ahWB7E_p4-Nvf8Fip2o9r4.Bm_PsL..AAA.0.0.Bm_Ptu.AWX52AGhP3w; c_user=100016028688180; sb=C_v8ZumnfgzK-XItDcYCZ-mQ; wl_cbv=v2%3Bclient_version%3A2635%3Btimestamp%3A1728083919%3BCRCM%3A-1645326415; ps_l=1; datr=C_v8ZjZWXCQfzSuEOk0R6uHD;
ps_n=1; vpd=v1%3B747x424x2.549999952316284; m_page_voice=100016028688180; wd=424x747; fbl_st=101333182%3BT%3A28801398; xs=5%3AJ5iib-tc1GD5bg%3A2%3A1727855471%3A-1%3A15791; m_pixel_ratio=2.549999952316284; locale=en_GB; fr=08sefpIUBnJU4gwXR.AWW75ahWB7E_p4-Nvf8Fip2o9r4.Bm_PsL..AAA.0.0.Bm_Ptu.AWX52AGhP3w; c_user=100016028688180; sb=C_v8ZumnfgzK-XItDcYCZ-mQ; wl_cbv=v2%3Bclient_version%3A2635%3Btimestamp%3A1728083919%3BCRCM%3A-1645326415; ps_l=1; datr=C_v8ZjZWXCQfzSuEOk0R6uHD;
